Владивосток	43.115460 131.884811	597237
Уссурийск	43.797257 131.952012	179862
Находка	42.824153 132.892813	136096
Артём	43.353908 132.181003	108690
Арсеньев	44.134323 133.278048	47306
Большой_Камень	43.097670 132.344420	40448
Спасск_Дальний	44.597702 132.825613	35096
Лесозаводск	45.474560 133.404737	34967
Партизанск	43.130864 133.138185	33165
Дальнегорск	44.546403 135.524367	33030
Дальнереченск	45.924666 133.754770	23028
Фокино	42.983193 132.409592	19427
Трудовое	43.299376 132.064001	18522
Лучегорск	46.440042 134.295683	17089
Кавалерово	44.271250 135.046653	13262
Славянка	42.879436 131.374731	10627
Пограничный	44.411796 131.381509	9793
Ярославский	44.183398 132.227415	8146
Кировский	45.091102 133.496419	7806
Новошахтинский	44.024505 132.162510	7049
Дунай	42.877049 132.346737	6959
Сибирцево	44.202456 132.446518	6908
Преображение	42.902390 133.904014	6258
Липовцы	44.192231 131.715189	5246
Смоляниново	43.301956 132.459354	5234
Кневичи	43.395672 132.191138	4845
Пластун	44.759086 136.286378	4712
Русский	42.999553 131.843012	4703
Шкотово	43.331222 132.355289	4614
Горные_Ключи	45.237894 133.500491	4207
Ольга	43.748101 135.283463	3112
Терней	45.039206 136.638536	2856
Хрустальный	44.353414 135.099941	2532
Зарубино	42.653316 131.059937	2515
Лазо	43.382761 133.903159	2465
Краскино	42.709963 130.782159	2363
Авангард	43.276754 133.224826	2143
Рудная_Пристань	44.363704 135.812047	2107
Посьет	42.656751 130.807115	1571
Сержантово	44.443628 135.747966	1454
Приморский	43.104652 131.590013	1299
Ружино	45.520275 133.571106	563
Хасан	42.423872 130.652346	469
Тимофеевка	43.869429 135.461832	1157
Береговое	43.179232 131.734615	453
Ясное	43.457438 132.166835	415
Невское	45.719538 133.674400	388
Суходол	43.157623 132.354280	301
Черемшаны	44.694942 135.755528	73
Тургенево	45.367418 133.662264	110
Раздольное	45.458730 133.648382	7352
Казанка	43.196865 133.229182	999
Занадворовка	43.298045 131.598961	789
Ивановка	43.964377 132.485824	16052
Зайсановка	42.711684 130.841160	0
Сухановка	42.732504 131.136313	700
Барабаш	43.197213 131.490504	2270
Анучино	43.965856 133.051635	4240
Сергеевка	43.349845 133.361123	4000
Григорьевка	44.158703 132.001888	730